Some((
    red: 0.5803922,
    green: 0.8862745,
    blue: 0.8352941,
))