Some((
    red: 0.0,
    green: 0.35159996,
    blue: 0.37033898,
    alpha: 1.0,
))