Some((
    red: 0.09019608,
    green: 0.57254905,
    blue: 0.6,
))